 0  7  9  1 0.02 0.00 0.00  0 127
 1  1  5  1 2.14 0.00 0.00  0 127
 2 10  3  0 0.12 0.00 0.00  0 127
 3  1  7  1 0.44 0.00 0.00  0 127
 4  6  3  0 0.32 0.00 0.00  0 127
 5  6  5  0 2.83 0.00 0.00  0 127
 6  2  7  1 2.06 0.00 0.00  0 127
 7  3 10  1 0.85 0.00 0.00  0 127
 8 10  4  0 2.38 0.00 0.00  0 127
 9  9  2  0 1.01 0.00 0.00  0 127
 0  1  7  1 0.00 0.00 0.00  0 127
 3  1 10  1 0.98 0.00 0.00  0 127
 6  1  2  1 1.12 0.00 0.00  0 127
 9  1  2  1 1.35 0.00 0.00  0 127
 5  1  8  1 1.40 0.00 0.00  0 127
 1  1  4  1 1.49 0.00 0.00  0 127
 4  1  8  1 1.64 0.00 0.00  0 127
 2  1  4  1 2.49 0.00 0.00  0 127
 7  1  3  1 2.62 0.00 0.00  0 127
 8  1  9  1 2.75 0.00 0.00  0 127
